1,0.001,0.033814,0.00211338,0.00105669,0.000264172,0.00422675,0.0351951,0.00175975,0.000879877,0.000219969
1000,1,33.814,2.11338,1.05669,0.264172,4.22675,35.1951,1.75975,0.879877,0.219969
29.5735,0.0295735,1,0.0625,0.03125,0.0078125,0.125,1.04084,0.0520421,0.0260211,0.00650526
473.176,0.473176,16,1,0.5,0.125,2,16.6535,0.832674,0.416337,0.104084
946.353,0.946353,32,2,1,0.25,4,33.307,1.66535,0.832674,0.208168
3785.41,3.78541,128,8,4,1,16,133.228,6.66139,3.3307,0.832674
236.588,0.236588,8,0.5,0.25,0.0625,1,8.32674,0.416337,0.208168,0.0520421
28.4131,0.0284131,0.96076,0.0600475,0.0300238,0.00750594,0.120095,1,0.05,0.025,0.00625
568.261,0.568261,19.2152,1.20095,0.600475,0.150119,2.4019,20,1,0.5,0.125
1136.52,1.13652,38.4304,2.4019,1.20095,0.300238,4.8038,40,2,1,0.25
4546.09,4.54609,153.722,9.6076,4.8038,1.20095,19.2152,160,8,4,1